0.0086562 0.0011886 0.016933 0.041586 0.0013449 0.11145 0.0078422 0.0016027 0.058602 0.0298 0.00096205 0.015591 0.012953 0.0051421 0.02121 0.037667 0.033087 0.024871 0.041248 0.025724 0.049467 0.051142 0.017059 0.0030906 0.0094831 0.059345 0.037609 0.076648 0.017255 0.11483 0.001728 0.001985 0.00098327 0.028958 0.016303 0.016651
0.0086585 0.0012068 0.016682 0.042699 0.0013594 0.11098 0.0079113 0.0015858 0.057945 0.030426 0.00098983 0.015012 0.012661 0.005273 0.020515 0.038991 0.031581 0.025145 0.041481 0.024988 0.049553 0.051335 0.016933 0.0029872 0.008857 0.058258 0.036791 0.078227 0.017549 0.11618 0.0017401 0.0019433 0.0009968 0.029757 0.015595 0.017217
0.0067369 0.00073502 0.013015 0.018769 0.0011985 0.077347 0.0040122 0.0027926 0.051257 0.020404 0.00088089 0.041438 0.035867 0.0026001 0.030513 0.031094 0.083779 0.016627 0.024122 0.022668 0.040634 0.044358 0.014421 0.0046315 0.03032 0.055418 0.061858 0.086344 0.011537 0.10112 0.0010156 0.0020714 0.00073687 0.018562 0.030843 0.010275
0.010267 0.00088181 0.025094 0.023298 0.0011482 0.12928 0.007902 0.0012609 0.031622 0.011475 0.00090136 0.032463 0.0085668 0.0010465 0.030496 0.036773 0.067272 0.017404 0.018047 0.031325 0.032924 0.032059 0.030587 0.006358 0.023057 0.066627 0.074578 0.058017 0.01164 0.090482 0.0011546 0.0059965 0.00062023 0.016599 0.046963 0.015809
0.017377 0.0018948 0.00089573 0.23892 0.00020293 0.035095 0.0012842 0.00088319 0.13236 0.036096 0.0068065 0.0023501 0.00062984 0.0018491 0.035962 0.028104 0.013726 0.016005 0.022801 0.021461 0.039138 0.026069 0.0018789 0.00069169 0.00072789 0.062208 0.02517 0.061628 0.01616 0.098061 0.0034655 0.0020499 0.0017754 0.020877 0.01055 0.014845
0.000605 0.00014604 0.00055875 0.0020086 0.0045273 0.0091018 0.0082126 1.988e-05 0.0029642 0.019715 0.013699 0.0002371 0.0029681 0.00019151 0.00079586 0.0030994 0.00085453 0.0016687 0.012598 0.00065513 0.0018882 0.0089617 0.020836 0.00021738 5.2645e-05 0.00025953 0.00076647 0.036326 0.028015 0.02155 7.6339e-05 0.00021287 0.00022775 0.22465 4.7889e-05 0.57129
0.0024538 0.00033859 0.018098 0.015236 0.0027134 0.056519 0.02106 0.00088076 0.049773 0.055157 0.017389 0.0011386 0.0082283 0.00070159 0.0087004 0.030781 0.021732 0.012905 0.023218 0.0061199 0.097532 0.01055 0.16983 0.0023406 0.00076322 0.0087912 0.038169 0.12466 0.030787 0.029848 0.00041659 0.0010199 0.00052382 0.045654 0.0041477 0.081823
0.0077845 0.00018059 0.021341 0.013031 0.0010769 0.055421 0.002738 0.00039743 0.16917 0.068598 0.014676 0.002591 0.0058494 0.0026831 0.013988 0.019456 0.017399 0.0084925 0.061978 0.035803 0.015237 0.01078 0.16078 0.00061357 0.00088496 0.0065462 0.005218 0.028183 0.026378 0.064877 0.00033711 0.00093942 0.0010532 0.076055 0.002268 0.07719
0.001587 0.0012279 0.005611 0.0059739 0.0033341 0.011384 0.046864 0.0004217 0.076315 0.012623 0.0059501 0.005499 0.0089994 0.0049686 0.025288 0.0021169 0.0084699 0.021741 0.015183 0.024678 0.010448 0.21478 0.04251 0.00093253 0.0034755 0.0081841 0.011965 0.14482 0.15961 0.038053 0.0029262 0.0028174 0.0001858 0.027858 0.0010977 0.042109
0.0017506 0.0038735 0.0032161 0.028147 0.0003164 0.032169 0.005078 0.00034693 0.54328 0.018661 0.0045317 0.0093206 0.00037077 0.00046815 0.008126 0.014865 0.0026198 0.033915 0.0070224 0.04936 0.024651 0.0021376 0.0024773 0.00042722 0.00095796 0.012686 0.026296 0.013563 0.012497 0.11432 0.00080695 0.0019463 0.0002862 0.0042687 0.012673 0.0025711
0.0050732 0.00059136 0.025245 0.011376 0.0019357 0.10033 0.0093086 0.0013398 0.096043 0.042836 0.0010718 0.024801 0.039885 0.0035179 0.026344 0.014455 0.078147 0.015142 0.055615 0.030191 0.031371 0.034881 0.02933 0.0053033 0.016162 0.030542 0.028962 0.051332 0.016403 0.093664 0.0011169 0.0019626 0.00079538 0.040656 0.014295 0.01997
0.0019418 0.0010489 0.020809 0.030739 0.0027706 0.078779 0.033813 0.0012169 0.081503 0.043595 0.0015251 0.006704 0.0091412 0.0030336 0.014769 0.0045729 0.040316 0.0054026 0.022804 0.07827 0.097098 0.057096 0.049367 0.022412 0.010996 0.071168 0.048536 0.029596 0.028145 0.037018 0.014377 0.006819 0.00084652 0.015615 0.02359 0.0045684
0.0024692 0.0001276 0.0094977 0.00024568 0.00029562 0.030525 0.00070013 0.00023205 0.0012216 0.0017401 0.00032265 0.073424 0.040932 7.3806e-05 0.005454 0.0033183 0.0037531 0.0031762 0.002899 0.010934 0.00082488 0.0012147 0.0041711 0.015416 0.082613 0.0039106 0.61818 0.001725 0.00065523 0.0092598 5.592e-05 0.0029259 5.9932e-05 0.017658 0.04771 0.0022811
0.0051403 0.00048815 0.025552 0.0035249 0.0014501 0.072408 0.0097499 0.0010067 0.0037319 0.0025723 0.00040614 0.12079 0.026039 0.00095586 0.013971 0.011512 0.12567 0.0029746 0.0059619 0.052405 0.0046393 0.011507 0.023976 0.023324 0.10906 0.025837 0.053524 0.028624 0.0039483 0.15198 0.0018895 0.014376 0.0003174 0.016034 0.035889 0.0087604
0.0013037 0.00041578 0.014679 0.0022295 0.0013118 0.052699 0.0013937 0.00098257 0.064261 0.010898 0.00058266 0.10031 0.16755 0.00095997 0.022031 0.0041476 0.16524 0.0040426 0.031437 0.060728 0.006655 0.010291 0.007285 0.0059696 0.068618 0.01078 0.018684 0.010081 0.0096938 0.098239 0.00099933 0.0032162 0.00031684 0.017103 0.020457 0.0044074
0.004847 0.00044551 0.009607 0.010094 0.0019716 0.086777 0.016028 0.0017259 0.035671 0.21744 0.0012062 0.01577 0.036224 0.019102 0.012603 0.050852 0.036745 0.0066885 0.033501 0.007987 0.036093 0.024698 0.036849 0.0025959 0.0056743 0.034669 0.018857 0.064851 0.011565 0.07789 0.0028097 0.0010256 0.0008714 0.050777 0.0025856 0.022905
0.0062111 0.0016999 0.01238 0.034262 0.0012249 0.067085 0.0075524 0.0023359 0.090256 0.016342 0.00077539 0.028761 0.021787 0.0040532 0.015203 0.015267 0.023381 0.0195 0.034591 0.039449 0.061186 0.12053 0.010605 0.0033695 0.014949 0.051504 0.030381 0.066093 0.028056 0.10392 0.0023795 0.0032784 0.00088757 0.021981 0.028973 0.0097855
0.0069022 0.00090187 0.0014293 0.013636 0.00040724 0.023845 0.0017907 0.001676 0.007981 0.010797 3.8767e-05 0.0063597 0.016078 0.0040406 0.008837 0.0037392 0.009835 0.0015365 0.081501 0.0047861 0.0098394 0.69796 0.00086575 0.00089873 0.0029547 0.016327 0.0050283 0.010185 0.012918 0.0091315 0.010488 0.00020989 0.00016965 0.012809 0.0011705 0.0029287
0.011447 0.0016168 0.011624 0.057124 0.0013321 0.11064 0.0068776 0.0016389 0.041752 0.037285 0.0010865 0.0069466 0.0097099 0.006724 0.014849 0.048862 0.019481 0.027083 0.050014 0.018213 0.055043 0.051809 0.013102 0.0019802 0.0043226 0.066604 0.03133 0.083741 0.015235 0.11656 0.0017981 0.0015227 0.0011764 0.034856 0.011177 0.025441
0.010315 0.0010977 0.002838 0.084858 0.00074475 0.049777 0.0061957 0.00076519 0.023843 0.085317 0.0036774 0.0022462 0.003549 0.0078429 0.0035118 0.13867 0.0069767 0.015262 0.024307 0.0055262 0.030419 0.028041 0.01058 0.00043849 0.00049919 0.026602 0.0086399 0.10062 0.011876 0.17246 0.0019702 0.00093288 0.0010495 0.055728 0.0022258 0.070604
0.0046929 0.00023245 0.03019 0.029999 0.0014742 0.14933 0.010798 0.00045985 0.03277 0.015789 0.0038019 0.0048922 0.004325 0.0013866 0.014158 0.072371 0.02559 0.011462 0.017676 0.0044836 0.020295 0.0082279 0.046218 0.0024779 0.0023414 0.015441 0.026492 0.12628 0.0091773 0.12831 0.00048092 0.0024798 0.0005639 0.10653 0.014496 0.054306
1.1179e-05 2.6114e-06 3.771e-07 1.6577e-06 1.0951e-06 0.00073591 1.6634e-06 3.5486e-06 0.00017588 1.204e-05 6.8052e-07 1.4986e-05 0.00070303 5.202e-06 6.6695e-05 1.1959e-07 8.4677e-05 1.3624e-05 0.99667 0.00019703 1.8919e-06 0.00036873 5.188e-08 7.0831e-07 0.00033535 1.704e-06 0.00010867 4.7734e-05 6.2621e-06 9.667e-05 8.4457e-07 1.9659e-05 7.5639e-07 0.00021847 4.0574e-05 5.2555e-05
0.0052215 0.0013793 0.0097571 0.057232 0.00091736 0.16822 0.0018279 0.00066874 0.10261 0.022695 0.0011143 0.030406 0.0049309 0.0020131 0.018741 0.12183 0.027203 0.018586 0.019244 0.035006 0.020567 0.038368 0.013863 0.0023326 0.0023731 0.064956 0.031399 0.040738 0.021322 0.067634 0.0018551 0.0042844 0.001332 0.014282 0.014202 0.010884
0.0040899 0.00057822 0.023849 0.0096503 0.0019042 0.098375 0.0066932 0.001451 0.097489 0.028191 0.0015013 0.038747 0.041685 0.0014883 0.028125 0.011734 0.10654 0.013661 0.027788 0.033193 0.036469 0.024624 0.031709 0.0063182 0.02611 0.032889 0.048736 0.046701 0.017233 0.078751 0.00087054 0.0032844 0.00062622 0.023122 0.035234 0.010587
0.011464 0.001589 0.01373 0.042611 0.00089086 0.12023 0.0048493 0.0014938 0.061712 0.020311 0.00054056 0.017021 0.010943 0.0049741 0.027579 0.025645 0.033812 0.02359 0.047639 0.032313 0.048761 0.070851 0.0094349 0.0032009 0.013728 0.10352 0.044821 0.045906 0.013922 0.085329 0.0019673 0.002551 0.00089569 0.01471 0.02919 0.008269
0.0087768 0.0003071 0.0055958 0.0048453 0.0048598 0.051033 0.02 0.0010863 0.0044399 0.067495 0.0023218 0.059491 0.17571 0.00061867 0.0044446 0.029522 0.035897 0.013016 0.0072007 0.003331 0.032326 0.057401 0.05205 0.010543 0.039221 0.045295 0.074725 0.069112 0.0059924 0.033722 0.00015212 0.0013474 0.00024613 0.036747 0.016776 0.024352
0.0014948 0.0024336 4.0871e-05 0.0048784 0.00018431 0.005446 0.0014667 0.00019346 0.0077241 0.0042936 6.94e-05 0.0028909 0.00020094 0.0021055 0.00054833 0.00055696 0.0003437 0.00078457 0.02077 0.0092949 0.0021246 0.85294 0.0003284 0.0002215 0.00016056 0.0042713 0.0005035 0.0090334 0.038711 0.011871 0.010997 0.0006377 7.5681e-05 0.001467 0.00037892 0.00055776
0.0058075 0.00023815 0.028503 0.018315 0.0012422 0.098237 0.0042419 0.00079125 0.045044 0.010577 0.0022212 0.020805 0.012166 0.00040858 0.038051 0.032806 0.1544 0.027195 0.016155 0.010807 0.024756 0.015301 0.043387 0.0059799 0.0090146 0.025726 0.057206 0.09301 0.0089738 0.0731 0.00018908 0.0020909 0.00063609 0.038419 0.050474 0.023727
0.0047602 0.00028137 0.002287 0.029498 0.0028194 0.023737 0.0042732 0.00019851 0.020112 0.074675 0.025774 0.00057598 0.0030378 0.00074925 0.0027707 0.027224 0.0059436 0.010771 0.012637 0.0017079 0.013827 0.011647 0.031342 0.00031672 6.8491e-05 0.0027814 0.0044899 0.27598 0.043165 0.075729 0.00010245 0.00017401 0.0005281 0.083086 0.00045641 0.20248
0.0031441 0.0015307 0.0042316 0.048068 0.0016521 0.046397 0.0097277 0.0010064 0.029242 0.049966 0.0037308 0.0056881 0.0098796 0.0070527 0.004889 0.040127 0.0095983 0.035031 0.033388 0.010535 0.084472 0.043216 0.020052 0.0010632 0.0029947 0.02545 0.023113 0.26227 0.021401 0.1036 0.00089624 0.00077276 0.0011874 0.028676 0.0051367 0.020816
0.0085924 0.0012561 0.016572 0.041293 0.0013776 0.11031 0.0081258 0.0015811 0.059932 0.030549 0.00099479 0.015326 0.012857 0.0053068 0.020082 0.036832 0.030592 0.025152 0.040907 0.026757 0.050806 0.052003 0.017066 0.0030298 0.0089914 0.058754 0.036481 0.076745 0.017974 0.1171 0.0017774 0.0020442 0.0010009 0.029171 0.0159 0.01676
0.0041778 0.00048342 0.0070386 0.0026686 0.0012167 0.047661 0.0038916 0.001729 0.019852 0.015969 0.00027413 0.19173 0.058749 0.00041374 0.016609 0.015206 0.23799 0.0034066 0.015994 0.01777 0.0087127 0.03356 0.0099512 0.0065 0.074481 0.024397 0.017684 0.029167 0.011529 0.086299 0.0017461 0.0022288 0.0001724 0.010227 0.015129 0.005389
0.013897 0.0018309 0.0096287 0.046047 0.0005082 0.1041 0.0064965 0.002377 0.048697 0.029499 0.00048493 0.022545 0.0080518 0.0059378 0.023591 0.049089 0.03091 0.016344 0.03931 0.04756 0.059433 0.057573 0.011383 0.0021338 0.018184 0.11924 0.048829 0.044841 0.016364 0.078863 0.0034527 0.0024159 0.00081962 0.0082202 0.012947 0.0083932
0.0075388 0.00038671 0.0066215 0.0096299 0.00030413 0.0531 0.0078637 0.0016305 0.056753 0.052982 0.0015575 0.0070814 0.0090853 0.0032989 0.012957 0.017399 0.074527 0.0081776 0.031089 0.086111 0.20554 0.029777 0.085007 0.0015192 0.010255 0.049677 0.043291 0.054951 0.0065636 0.036572 0.00099342 0.0033898 0.00066086 0.0055056 0.010498 0.0077043
0.00076775 0.00011003 0.018923 0.00081763 0.0006731 0.028343 0.0025467 0.0021166 0.005769 0.0022272 0.00028606 0.01633 0.062237 0.00012218 0.023946 0.0014739 0.57833 0.0016372 0.0028264 0.034109 0.013585 0.0031016 0.031038 0.0064963 0.057464 0.01269 0.024645 0.019648 0.0041091 0.017897 0.00048153 0.0030833 0.00012724 0.0036511 0.014088 0.0043034
0.003738 0.0011363 0.043105 0.020522 0.0032171 0.14501 0.0082429 0.0005271 0.014608 0.0045118 0.0010692 0.027384 0.0054396 0.00046121 0.030778 0.03106 0.079946 0.023982 0.0098221 0.033623 0.0070141 0.013854 0.015789 0.014203 0.015634 0.033972 0.030364 0.036798 0.010268 0.20913 0.00072349 0.0069768 0.00074604 0.033652 0.05533 0.027359
0.0066991 0.001054 0.0042934 0.090028 0.0011989 0.057251 0.0041572 0.00092617 0.066804 0.026343 0.003668 0.0038793 0.0036661 0.0073699 0.014635 0.072287 0.011469 0.03121 0.022486 0.013978 0.046263 0.028099 0.010136 0.0013449 0.0016307 0.043819 0.027449 0.16135 0.013763 0.1528 0.0010585 0.0015942 0.0015806 0.030462 0.012254 0.022988
0.0085229 0.0011372 0.020531 0.041575 0.0011904 0.13291 0.0062805 0.0013854 0.069372 0.030022 0.00087538 0.018211 0.010961 0.0036893 0.025557 0.03736 0.035246 0.024387 0.046139 0.027548 0.045174 0.052239 0.013368 0.0032848 0.0083343 0.06199 0.0434 0.052687 0.018181 0.09211 0.0019684 0.0021845 0.00091727 0.030054 0.017387 0.013822
0.0060018 0.00070747 0.016186 0.023195 0.0019484 0.1016 0.0049081 0.0020391 0.059438 0.033634 0.0016164 0.018099 0.027597 0.002311 0.026357 0.049256 0.074725 0.020204 0.048631 0.012932 0.037026 0.045535 0.01613 0.003056 0.0072995 0.031368 0.040336 0.084377 0.015969 0.089338 0.0010009 0.0014146 0.00096708 0.047392 0.016205 0.031196
0.0023787 0.00027791 0.0033906 0.01772 0.0029746 0.029632 0.0022659 0.0001608 0.013453 0.030377 0.030575 0.0014323 0.0047436 0.0003713 0.0044968 0.031186 0.010131 0.015454 0.016713 0.0010464 0.0085302 0.0079342 0.028269 0.00046391 0.00013454 0.0023618 0.007143 0.26414 0.014413 0.069536 5.5316e-05 0.00031119 0.00067519 0.19758 0.0022276 0.17745
0.0014623 0.00066903 0.012712 0.010358 0.00019675 0.0091998 0.0018395 0.00068967 0.011402 0.0010274 0.00067799 0.00017768 0.00044649 0.00034853 0.0059662 0.0010752 0.0033137 0.003294 0.001374 0.81669 0.004547 0.002194 0.012732 0.00026459 0.0011343 0.0033817 0.00059618 0.0066285 0.0061903 0.054096 0.001309 0.007768 7.8137e-05 0.0089466 0.0017528 0.0054587
0.0014248 0.00025318 0.0059144 0.040474 0.00053225 0.26864 0.0020246 0.00022591 0.011258 0.0057944 0.0021442 0.00098071 0.0043351 0.0046472 0.0070371 0.1339 0.005244 0.057856 0.0085649 0.0020995 0.008745 0.0018179 0.009984 0.0012107 0.00089606 0.015942 0.076321 0.085284 0.0027038 0.12726 9.1543e-05 0.0031055 0.0018713 0.065886 0.021743 0.013793
0.012482 0.0024572 0.010373 0.073531 0.0026352 0.10455 0.0086542 0.00063333 0.03509 0.028075 0.003302 0.0022664 0.003121 0.0019677 0.015066 0.047787 0.012949 0.033879 0.041619 0.023436 0.02947 0.04897 0.01444 0.0014434 0.00061148 0.019835 0.017469 0.069263 0.036236 0.13275 0.0022463 0.002696 0.00094475 0.080145 0.0053732 0.074235
0.0063398 0.0020546 0.022869 0.014792 0.00023692 0.48322 0.00067096 0.00013016 0.033328 0.007307 0.00036063 0.0075508 0.0014754 0.0014316 0.026232 0.020147 0.015805 0.0057375 0.10642 0.065809 0.0045329 0.012392 0.00065867 0.001159 0.0024873 0.02707 0.020447 0.0017658 0.015801 0.053918 0.0064966 0.011016 0.00062369 0.0084378 0.0081547 0.0031218
0.0078048 0.001214 0.01844 0.044106 0.0014392 0.10992 0.0083833 0.0016323 0.060003 0.034318 0.0010519 0.013705 0.014311 0.0063491 0.018947 0.040713 0.029094 0.024233 0.038894 0.030301 0.05424 0.043084 0.020426 0.0028815 0.0094681 0.063232 0.032662 0.074227 0.01779 0.11252 0.0018858 0.0019658 0.001072 0.02912 0.013319 0.017248
0.0088705 0.0016251 0.01304 0.050629 0.0010946 0.10052 0.0069518 0.0013499 0.060168 0.030419 0.00086636 0.016605 0.012699 0.0071747 0.015599 0.034079 0.022867 0.023319 0.051367 0.032387 0.051893 0.067834 0.013814 0.0028961 0.0087683 0.06937 0.026199 0.06207 0.01687 0.12468 0.0022386 0.0019052 0.0011934 0.029839 0.014039 0.014762
0.0059453 0.0012573 0.019831 0.023214 0.0012271 0.11364 0.0039902 0.0028159 0.06978 0.018831 0.00056173 0.031648 0.037509 0.0032636 0.028034 0.017604 0.081262 0.013734 0.039456 0.052651 0.035583 0.049716 0.0081955 0.0044221 0.037736 0.09254 0.039142 0.02473 0.015181 0.072536 0.0022002 0.0026621 0.0007116 0.01209 0.029014 0.0072891
0.011525 0.001849 0.0078986 0.023685 0.00076844 0.10725 0.011618 0.0023313 0.052778 0.031242 0.00037401 0.064957 0.011142 0.0075199 0.015597 0.067726 0.033634 0.011659 0.037119 0.039935 0.019351 0.055769 0.0092945 0.0028865 0.024599 0.061009 0.032783 0.034306 0.014813 0.15231 0.0046651 0.0036484 0.00060162 0.016179 0.015239 0.011944
0.0046911 0.00094624 0.027207 0.024882 0.00028332 0.10293 0.00084306 0.0021009 0.02067 0.0016604 0.00032912 0.0088983 0.0071992 0.00051532 0.057313 0.12841 0.029003 0.25935 0.010458 0.017812 0.0062328 0.0056056 0.005456 0.0011005 0.0055006 0.015016 0.043307 0.042829 0.0055651 0.10395 0.00021365 0.0016314 0.0006899 0.023978 0.022842 0.010594
0.005781 0.0015174 0.022523 0.038476 0.0016469 0.12416 0.0084767 0.0016628 0.066663 0.023938 0.0010601 0.014062 0.013237 0.0050227 0.021739 0.028393 0.029756 0.029907 0.039509 0.032967 0.049453 0.035561 0.015021 0.0031854 0.01151 0.053859 0.042641 0.065204 0.019906 0.12794 0.0017637 0.0024013 0.00095516 0.025635 0.021777 0.012687
0.0086879 0.0012253 0.016753 0.042156 0.0013461 0.11202 0.0078526 0.0015762 0.05884 0.030235 0.00096981 0.015319 0.012772 0.0052214 0.020598 0.037911 0.03144 0.025176 0.043121 0.02538 0.04928 0.052893 0.016471 0.0029857 0.0089521 0.057927 0.036627 0.07591 0.017678 0.1152 0.0017568 0.0019474 0.00099985 0.030003 0.0156 0.017165
0.0086985 0.0012066 0.01687 0.041884 0.0013578 0.11151 0.00785 0.0015919 0.058372 0.029877 0.00095891 0.015448 0.012837 0.0051886 0.021074 0.037682 0.032673 0.025103 0.041904 0.025514 0.049126 0.051816 0.016754 0.0030591 0.0092843 0.058672 0.037257 0.076689 0.017472 0.11552 0.0017425 0.0019626 0.00098795 0.029184 0.016057 0.016818
0.0086109 0.0012054 0.016964 0.041339 0.0013726 0.11125 0.0079791 0.0015905 0.058109 0.030054 0.00097888 0.015375 0.012939 0.0052088 0.020934 0.037504 0.032536 0.025159 0.041697 0.025392 0.049324 0.051145 0.017063 0.0030519 0.0091919 0.057918 0.037413 0.077745 0.017527 0.11615 0.0017334 0.001964 0.00098643 0.029654 0.015905 0.017034
7.3491e-06 0.00010605 2.296e-05 9.4413e-07 0.9572 0.00050234 0.0091328 8.4061e-06 4.937e-05 0.00048483 4.1972e-05 0.00097112 0.0043566 3.1124e-05 0.00010496 4.6261e-05 5.2065e-05 9.1733e-05 0.00049419 0.00023099 4.2691e-05 0.00063293 6.2063e-05 0.00371 0.0010632 2.8837e-05 0.00063478 0.00069233 0.0093522 0.0046506 0.00010881 0.00016164 1.3659e-06 0.002381 0.00053186 0.0020106
0.0097801 0.00099748 0.0093399 0.012593 0.00069397 0.067454 0.0055755 0.0031577 0.0075981 0.0077757 0.00019257 0.033282 0.056964 0.0030436 0.015304 0.010821 0.09406 0.0083555 0.01275 0.061507 0.033819 0.095404 0.013806 0.0053348 0.096772 0.070489 0.040739 0.056094 0.0038179 0.11263 0.0018535 0.003264 0.00034929 0.0166 0.022847 0.0049348
0.0098949 0.00093533 0.012275 0.080846 0.0010515 0.11849 0.0043418 0.00089939 0.055733 0.026539 0.0028469 0.0046417 0.0039023 0.0024858 0.030714 0.058738 0.019395 0.032767 0.032377 0.0097557 0.042807 0.022255 0.017159 0.0016912 0.0022537 0.043964 0.058347 0.11073 0.016561 0.090226 0.00085007 0.0014488 0.0014677 0.038164 0.014304 0.029141
0.0064962 0.0014453 0.008999 0.11764 0.0019535 0.10049 0.0069424 0.00060735 0.049509 0.039027 0.0035519 0.0014562 0.0027601 0.0047281 0.007274 0.061797 0.004009 0.027705 0.043873 0.0088082 0.029879 0.022228 0.0098674 0.00084183 0.00050896 0.023765 0.011976 0.10772 0.03063 0.13079 0.0013002 0.00089386 0.0014088 0.05913 0.0033024 0.06668
0.0046463 0.00080168 0.017129 0.021381 0.0017448 0.082141 0.009087 0.0020844 0.14674 0.060121 0.0010019 0.016504 0.035417 0.0086521 0.01986 0.015644 0.044151 0.013135 0.052632 0.039359 0.04332 0.040361 0.023746 0.0032881 0.012301 0.035443 0.019393 0.054957 0.023832 0.098892 0.0025378 0.0017171 0.00096993 0.024595 0.010375 0.012042
0.0035748 0.00035577 0.043738 0.0095756 0.0015387 0.064245 0.0080431 0.0019668 0.021483 0.0096729 0.00045609 0.053759 0.056612 0.0011824 0.018495 0.0096237 0.12523 0.0097672 0.015156 0.056304 0.035887 0.028632 0.063222 0.011634 0.076824 0.049418 0.061365 0.049625 0.010549 0.044235 0.0014503 0.0038977 0.00029658 0.015644 0.028741 0.0078014
0.0054246 0.0013055 0.0051134 0.011756 0.00076553 0.05726 0.0082158 0.0030041 0.035787 0.051591 0.0015178 0.017073 0.029088 0.0040494 0.010806 0.015732 0.078158 0.0044474 0.03059 0.071685 0.16363 0.030962 0.025154 0.0023944 0.027812 0.066913 0.01868 0.061128 0.0085738 0.11161 0.0031375 0.0032894 0.00078547 0.010791 0.012878 0.0088948
0.0085615 0.0001865 0.0101 0.031665 0.0006205 0.092372 0.00373 0.0008245 0.043149 0.035986 0.00089414 0.017149 0.010897 0.0031995 0.022929 0.043919 0.12313 0.0086114 0.065739 0.011903 0.02212 0.053615 0.019746 0.0037242 0.0086289 0.029952 0.016944 0.080051 0.0067473 0.12143 0.0011243 0.00091689 0.0007167 0.066062 0.0095945 0.023063
0.0015206 3.8899e-05 0.0071716 0.0039429 0.00084326 0.018104 0.018662 0.0021629 0.033522 0.043693 0.0016346 0.0054083 0.047889 0.0031261 0.0046482 0.013116 0.088059 0.0015934 0.0046474 0.012531 0.035559 0.0059637 0.44558 0.0027449 0.010958 0.013762 0.0066066 0.079615 0.0042171 0.028453 0.00052264 0.00088986 0.00012291 0.0306 0.0043919 0.0177
0.0033026 0.00077713 0.025367 0.0050741 0.0016421 0.07038 0.0041705 0.0017612 0.096975 0.02089 0.00065793 0.054926 0.091769 0.0023344 0.029148 0.0050839 0.1266 0.0094372 0.037124 0.082506 0.025017 0.029061 0.015063 0.0059333 0.043834 0.03015 0.033014 0.019809 0.014404 0.066096 0.001563 0.003537 0.00052366 0.013877 0.021707 0.0064845
0.0090452 0.0021799 0.0034969 0.031687 0.0026599 0.075406 0.0063422 0.00043775 0.04152 0.08724 0.0023555 0.0045909 0.0068119 0.006129 0.0047288 0.037474 0.008817 0.016521 0.12215 0.015334 0.011733 0.064089 0.013471 0.00072777 0.0010018 0.016195 0.0054135 0.047144 0.047039 0.10464 0.00071931 0.0006522 0.0010696 0.062602 0.0012007 0.13737
0.0060321 0.0007497 0.0091485 0.016034 0.0010551 0.048644 0.0045427 0.0018316 0.16002 0.0652 0.00063521 0.015058 0.04146 0.015205 0.02006 0.0092353 0.042963 0.010672 0.054158 0.065215 0.051459 0.088024 0.015114 0.0029669 0.0072302 0.046002 0.01362 0.048752 0.017266 0.077072 0.0036567 0.0016744 0.00084359 0.022305 0.008786 0.0073124
0.0089868 0.0011075 0.018662 0.029155 0.0013843 0.11166 0.0072987 0.0016295 0.057528 0.025797 0.00077606 0.023263 0.017362 0.0040456 0.025991 0.029743 0.049996 0.022591 0.041411 0.030401 0.042272 0.053949 0.01609 0.0039973 0.015195 0.059132 0.041153 0.062305 0.015533 0.11464 0.0016235 0.0022847 0.00083524 0.027269 0.020653 0.014284
0.0035669 0.0014886 0.021273 0.027733 0.0022841 0.080958 0.013807 0.0019231 0.090726 0.045837 0.0022811 0.013301 0.023163 0.0057394 0.011852 0.0289 0.033115 0.031739 0.035873 0.043516 0.062434 0.033765 0.042659 0.0020484 0.0063252 0.027605 0.018091 0.096326 0.027158 0.092764 0.0014065 0.002011 0.001133 0.031934 0.0090926 0.026174
0.0079052 0.0011263 0.018628 0.034516 0.0016592 0.11152 0.0077066 0.0013938 0.070929 0.033497 0.0010318 0.017925 0.016071 0.0049828 0.022233 0.030671 0.038352 0.024753 0.045976 0.027443 0.04527 0.054324 0.0168 0.0034337 0.0088368 0.049528 0.034336 0.067609 0.020165 0.11189 0.0016866 0.0019401 0.00097508 0.032792 0.015431 0.016669
0.0035656 0.00023345 0.011034 0.0025992 0.00055628 0.039758 0.0030653 0.0027185 0.061172 0.020708 0.0003392 0.018341 0.074491 0.001227 0.049065 0.0019937 0.32929 0.0047022 0.031618 0.052039 0.026278 0.019019 0.031416 0.0045797 0.075347 0.026226 0.028378 0.017633 0.0040347 0.02616 0.00078137 0.0015475 0.00029653 0.0057624 0.020153 0.0038713
0.0060125 0.0061233 0.0011841 0.012302 0.0015224 0.071979 0.0086332 0.00087257 0.0066778 0.035873 0.0014984 0.0075837 0.0054774 0.012998 0.0011955 0.035089 0.0047269 0.030074 0.028085 0.015566 0.039895 0.12251 0.0032109 0.00035996 0.0014911 0.01136 0.027897 0.14247 0.017659 0.30137 0.0017846 0.0016888 0.00069514 0.020289 0.0037725 0.010072
0.0098135 0.0012417 0.014209 0.047271 0.0012075 0.11594 0.006542 0.0016402 0.052883 0.028861 0.00085079 0.015545 0.012149 0.0054572 0.020364 0.048112 0.034923 0.02265 0.041106 0.023922 0.041482 0.056209 0.013114 0.0028634 0.0083961 0.063572 0.032928 0.068133 0.014718 0.12421 0.0018968 0.0019195 0.0010561 0.030974 0.015059 0.018785
0.0074466 0.002827 0.0063681 0.03337 0.0021325 0.05563 0.012135 0.0014086 0.031494 0.070438 0.0010485 0.0029118 0.009163 0.017828 0.0086455 0.019347 0.0073857 0.024955 0.065212 0.018125 0.074866 0.080554 0.0092263 0.00090058 0.0013165 0.022923 0.014531 0.14472 0.033518 0.15164 0.0038499 0.00077023 0.000856 0.041111 0.0024828 0.018869
0.013147 0.0017222 0.011365 0.041987 0.0006784 0.10731 0.0086006 0.0019468 0.052684 0.027182 0.00050171 0.01796 0.0092833 0.0067171 0.015182 0.033894 0.024734 0.018627 0.058843 0.031811 0.050637 0.12787 0.0089272 0.0019668 0.0080173 0.064248 0.029328 0.047963 0.018273 0.10235 0.0037988 0.0021958 0.00080183 0.023623 0.01189 0.013935
0.0082984 0.0016387 0.0057013 0.063769 0.00069408 0.049422 0.0050923 0.0021163 0.026409 0.032316 0.00022987 0.013305 0.012816 0.011709 0.01716 0.024545 0.059306 0.010879 0.02412 0.16514 0.044644 0.19645 0.010703 0.0026365 0.011913 0.075282 0.031816 0.01281 0.010683 0.038879 0.011576 0.0010626 0.00098967 0.0085079 0.0015901 0.0057914
0.0091513 0.00089386 0.020262 0.033574 0.0012668 0.10834 0.0078497 0.0017771 0.05995 0.03082 0.0010758 0.014868 0.014319 0.0039459 0.026666 0.030555 0.050704 0.025829 0.034946 0.03024 0.05555 0.037449 0.027346 0.0039747 0.01086 0.062331 0.048057 0.074787 0.01479 0.090774 0.0013014 0.0019918 0.00093214 0.027495 0.019008 0.016314
0.0096902 0.00043446 0.015883 0.0050731 0.0008461 0.043627 0.00061872 0.0022208 0.024305 0.0083463 0.0010465 0.0065395 0.069796 0.00055346 0.051831 0.0064202 0.31594 0.015453 0.014561 0.074562 0.034303 0.010165 0.01836 0.0050604 0.010995 0.052591 0.042493 0.026688 0.003252 0.035879 0.00020734 0.0042762 0.00053347 0.016877 0.054447 0.016128
0.0088077 0.0012148 0.017297 0.042555 0.0013636 0.11356 0.0077898 0.0015776 0.057976 0.029964 0.00091843 0.015349 0.012525 0.0052444 0.021542 0.038209 0.032633 0.025611 0.043788 0.025254 0.048666 0.052963 0.016459 0.0030529 0.0090603 0.058626 0.037667 0.075176 0.01766 0.11115 0.0017776 0.0019196 0.00098832 0.028968 0.015684 0.017002
0.0092935 0.0014009 0.013983 0.04378 0.0016491 0.10645 0.010615 0.0014163 0.059411 0.046123 0.00094506 0.010984 0.010791 0.007779 0.017751 0.03577 0.022951 0.024899 0.054384 0.021186 0.046773 0.06401 0.013375 0.0026188 0.0057314 0.052601 0.027643 0.07109 0.022955 0.12168 0.0022663 0.0013917 0.0010092 0.034602 0.0091469 0.021546
0.0078823 0.0003695 0.013408 0.017299 0.0016182 0.10862 0.0054415 0.0015293 0.032181 0.047231 0.00076289 0.032485 0.048182 0.0021392 0.019573 0.025781 0.11933 0.0071703 0.040355 0.013124 0.019334 0.04474 0.020906 0.0060556 0.030953 0.04005 0.036757 0.049568 0.0079842 0.10235 0.0011432 0.001367 0.0005031 0.055976 0.020264 0.017562
0.011724 0.00091845 0.015218 0.032352 0.0012981 0.08749 0.0074108 0.00099588 0.049479 0.022477 0.0013176 0.015641 0.0081929 0.0019721 0.026896 0.038731 0.043868 0.027588 0.060473 0.0097627 0.037939 0.080801 0.017428 0.0030804 0.0040879 0.024527 0.037942 0.108 0.021338 0.10098 0.00093384 0.001587 0.00086269 0.047697 0.015455 0.033536
0.0075426 0.00042841 0.013387 0.021848 0.0012807 0.073915 0.0079402 0.0019227 0.056561 0.047794 0.0021499 0.010042 0.020187 0.0040406 0.01823 0.053104 0.044149 0.019093 0.029615 0.011578 0.048032 0.018373 0.042369 0.0021924 0.0065439 0.03492 0.0392 0.15436 0.010217 0.10584 0.00050602 0.0014006 0.00087595 0.042845 0.010843 0.036681
0.00060061 0.00065745 8.1186e-05 0.00012673 0.00010758 0.0057882 2.4111e-05 6.9016e-05 0.0026713 0.0030971 6.7513e-06 0.00062124 0.0014518 0.00048652 0.0077077 8.4615e-05 0.00074922 0.00014333 0.95522 0.00069031 0.00042306 0.0033194 1.7673e-06 2.6677e-05 0.000585 0.00053669 0.0007187 0.00044299 0.007421 0.0029952 0.0022869 1.8081e-05 2.1313e-05 0.00017579 0.00020134 0.00044351
0.0097703 0.0012326 0.016806 0.037389 0.0018891 0.12615 0.0061002 0.0017835 0.036696 0.03215 0.00073215 0.014347 0.020333 0.0042053 0.024144 0.030681 0.052642 0.021799 0.058198 0.017049 0.047224 0.063238 0.011718 0.0034334 0.011103 0.06547 0.041385 0.067742 0.016068 0.090387 0.0018151 0.0013504 0.00077622 0.031706 0.017106 0.015384
0.0045623 0.00058039 0.027398 0.017097 0.0067032 0.17258 0.0051142 0.00079539 0.031542 0.017531 0.0012979 0.016331 0.036228 0.00073917 0.036636 0.02925 0.044614 0.032682 0.022895 0.0093066 0.017762 0.01096 0.012508 0.0061782 0.022037 0.030749 0.072418 0.052607 0.013252 0.12351 0.00023215 0.0026217 0.00057301 0.047665 0.048331 0.024711
0.0063208 0.00095128 0.028192 0.019489 0.0014722 0.12277 0.0055237 0.0016116 0.066591 0.01612 0.0010424 0.028796 0.017454 0.0018641 0.02728 0.030285 0.074421 0.024919 0.020537 0.049208 0.036799 0.023543 0.019549 0.0053912 0.017031 0.058954 0.051646 0.043092 0.014483 0.10539 0.0011507 0.0043648 0.00076699 0.019182 0.042354 0.01145
0.007391 0.001593 0.015054 0.030407 0.0019181 0.096271 0.0087061 0.0016017 0.077308 0.04997 0.00094247 0.011733 0.022507 0.0089185 0.018515 0.020959 0.024848 0.020986 0.072337 0.028677 0.053007 0.076232 0.013875 0.0024492 0.0062208 0.046279 0.021202 0.063074 0.023595 0.10504 0.0025188 0.0014349 0.0010972 0.036693 0.0083718 0.018269
0.0051591 0.0015232 0.016433 0.032028 0.0015521 0.10524 0.0074236 0.0018668 0.078462 0.024922 0.00092503 0.017124 0.016769 0.0050206 0.021128 0.020476 0.043557 0.022087 0.026421 0.059396 0.058061 0.031204 0.01622 0.0039651 0.015193 0.085632 0.032175 0.050901 0.015928 0.12148 0.002512 0.0032733 0.00083973 0.018793 0.028792 0.0075209
0.008597 0.0011902 0.016802 0.04234 0.0013535 0.11169 0.0077421 0.0015961 0.05811 0.029932 0.00097272 0.015311 0.012919 0.005135 0.021071 0.038263 0.033155 0.025069 0.041166 0.02526 0.049019 0.050884 0.016992 0.0030642 0.0092481 0.059091 0.037046 0.077507 0.017235 0.11519 0.0017099 0.0019443 0.00099422 0.02943 0.016061 0.016907
0.0086005 0.0012049 0.016779 0.041158 0.0013626 0.10999 0.0080311 0.0015995 0.05849 0.030585 0.00098876 0.015515 0.013209 0.0053055 0.020444 0.037347 0.032261 0.024756 0.04166 0.025695 0.0499 0.051756 0.017223 0.0030359 0.0093216 0.057751 0.036691 0.077894 0.017648 0.11688 0.0017359 0.0019544 0.00098943 0.029599 0.015712 0.016936
0.0036517 0.0019623 0.00024549 0.0019738 0.00056472 0.0073897 0.03042 0.0053082 0.036198 0.091843 0.00056643 0.017602 0.016591 0.012431 0.0011633 0.0059127 0.0024008 0.0099564 0.012204 0.067443 0.30593 0.11511 0.0011677 0.00017076 0.006986 0.010537 0.02877 0.057164 0.09229 0.041118 0.007029 0.0015758 0.00021124 0.00078864 0.002476 0.0028468
0.0048406 0.0014225 0.028899 0.0084698 0.0018866 0.093282 0.0063061 0.0012253 0.11062 0.027388 0.00055311 0.03819 0.052088 0.0051095 0.02977 0.0057834 0.058835 0.01382 0.079246 0.077308 0.032045 0.068092 0.010107 0.0042121 0.021056 0.033118 0.029224 0.018394 0.021037 0.070786 0.0030748 0.0030753 0.0007189 0.020018 0.012186 0.0078138
0.0049005 0.0035522 0.012932 0.054766 0.0019687 0.092154 0.015648 0.0016224 0.10798 0.050676 0.0010862 0.0041377 0.0048574 0.011677 0.011601 0.023608 0.0040275 0.025009 0.036524 0.079894 0.093906 0.044602 0.010747 0.0013859 0.0025843 0.069603 0.031376 0.038156 0.064551 0.057748 0.0075116 0.0022777 0.0012607 0.0086312 0.004474 0.012563
1.5697e-05 3.0081e-07 6.0139e-05 7.3345e-07 5.5856e-06 8.8552e-05 1.0788e-05 0.00013946 0.00015789 0.00018125 5.677e-06 4.1212e-05 0.95399 0.00011185 6.7545e-05 4.0673e-07 0.0040871 8.4174e-06 0.0018124 0.016098 0.00021641 3.9572e-05 0.0045507 0.00032393 0.015999 2.2053e-05 0.00097125 0.00012417 5.8804e-06 9.6256e-05 1.8546e-06 8.5912e-05 1.3152e-06 0.00053926 6.292e-05 8.1007e-05
0.00011843 1.3001e-06 0.00060867 1.3138e-05 2.8554e-05 0.00094146 5.5021e-05 6.5941e-05 0.00047938 0.0001939 8.8492e-05 0.0006228 0.014086 2.6079e-07 0.012094 5.0033e-05 0.94282 0.00046868 0.00024322 0.00052882 0.00015013 0.00076029 0.014282 0.00052529 0.0018842 0.00083855 0.0018566 0.001826 6.613e-05 6.1006e-05 7.9169e-07 6.2125e-05 1.2305e-05 0.00066094 0.0010547 0.0024534
1.8652e-05 3.2515e-08 0.00033472 1.1419e-06 1.809e-05 0.00019292 0.0026989 0.0001151 9.2054e-05 0.00043655 7.3036e-05 4.8345e-05 0.0079981 2.8011e-06 9.5957e-05 0.000137 0.042535 6.0137e-05 1.5248e-05 0.00044356 0.00040393 3.4399e-05 0.93932 8.9734e-05 0.0014768 8.3186e-06 0.00045744 0.00088256 3.6193e-05 9.2989e-05 1.4002e-06 3.6601e-05 2.637e-07 0.00086344 0.00012457 0.0008493
0.0024843 0.00043462 0.0099162 0.054591 0.00084768 0.077788 0.0071113 0.00084136 0.049602 0.021746 0.0083203 0.0032738 0.0064623 0.0021323 0.0068493 0.078198 0.0086056 0.013163 0.014861 0.0055739 0.03801 0.0058618 0.032612 0.00095734 0.0025365 0.015386 0.012716 0.19767 0.015595 0.18415 0.00052962 0.0015232 0.0010252 0.061518 0.0081435 0.048957
0.0033278 0.00041009 0.00065673 0.007046 0.00056564 0.010088 0.0037431 0.00093904 0.017366 0.086077 0.0042306 0.00041282 0.0029787 0.0014 0.0014383 0.010688 0.0023289 0.010823 0.029011 0.0013412 0.072126 0.017471 0.0081355 8.529e-05 0.00029153 0.002477 0.010535 0.56485 0.018312 0.065908 0.00047441 0.00031291 0.00025203 0.015972 0.0012139 0.026712
0.013775 0.00068417 0.0071424 0.041892 0.00043819 0.11952 0.0039749 0.0021143 0.022671 0.01801 0.00045474 0.024219 0.011801 0.0030307 0.018344 0.084666 0.087107 0.010532 0.012308 0.029604 0.02558 0.038621 0.01893 0.0045885 0.02298 0.14056 0.026276 0.047312 0.0052246 0.10086 0.0018486 0.0036859 0.00064008 0.015267 0.026548 0.0087859
0.0014488 1.4277e-06 0.0005378 4.9744e-05 0.00053911 0.0027068 0.0029819 8.3127e-06 8.731e-05 0.010717 0.00062296 9.2697e-05 0.0057808 1.0947e-05 0.00024986 0.00036819 0.025592 5.9285e-05 0.0010462 0.00014045 0.0016886 0.00089987 0.7776 0.00016442 0.00022727 0.00020185 0.00095933 0.017679 0.00011624 0.0015635 1.1575e-05 0.00016105 3.407e-06 0.11065 0.00035606 0.034677
0.0045707 0.00072813 0.02523 0.0065196 0.0019343 0.074708 0.0050274 0.0017276 0.13607 0.01945 0.0010256 0.082318 0.037681 0.0010564 0.030047 0.012509 0.11327 0.0087542 0.025199 0.04991 0.026377 0.032636 0.013387 0.0044615 0.027054 0.026361 0.062504 0.017487 0.034612 0.057756 0.0025538 0.0077374 0.00041141 0.0086264 0.031962 0.008341
0.0040849 0.00036298 0.040011 0.0056767 0.0018369 0.08907 0.0061569 0.00117 0.070159 0.026099 0.0016871 0.035707 0.04532 0.0013443 0.029544 0.013046 0.15998 0.015632 0.026941 0.037239 0.025972 0.014803 0.058096 0.0064971 0.02343 0.022306 0.050374 0.039094 0.011056 0.067297 0.0004787 0.002783 0.00070169 0.024393 0.025393 0.016257
0.00029952 0.00070565 0.013119 0.00030614 0.00014923 0.021898 0.00011323 0.00049948 0.014123 0.00082205 0.00025411 0.0040539 0.018736 0.0001216 0.0081197 0.00085046 0.034372 0.0061324 0.0010328 0.82512 0.0033187 0.00062107 0.0010191 0.00064178 0.0022677 0.0088728 0.0031908 0.00055546 0.001292 0.0084995 0.00015502 0.007069 0.00024448 0.00095727 0.0098221 0.00064325
0.010728 0.00081053 0.00721 0.06963 0.00042426 0.097017 0.0053464 0.0017997 0.065698 0.021181 0.00081588 0.017347 0.0053075 0.0055219 0.011972 0.060572 0.013283 0.013143 0.028664 0.022735 0.056903 0.071176 0.0084976 0.0017229 0.0074484 0.092081 0.033234 0.077132 0.012931 0.12517 0.0024857 0.0030766 0.00075755 0.016365 0.023373 0.0084344
0.0029298 0.0062386 0.00059788 0.22505 0.00016781 0.013637 0.0013114 0.00023272 0.088688 0.067893 0.016851 0.0010182 0.00089459 0.0033028 0.022037 0.05337 0.003016 0.10272 0.014248 0.0054612 0.018242 0.0050132 0.0020024 7.8222e-05 0.00015425 0.030942 0.011597 0.084908 0.015148 0.13314 0.0012164 0.00083691 0.0042324 0.025752 0.0021539 0.03492
0.0047501 0.0017477 0.00056607 0.0021557 0.00061142 0.0073199 0.0057348 0.00039085 0.0022856 0.0058681 0.00012245 0.0020326 0.0019682 0.0018882 0.0015052 0.00064518 0.0010915 0.007632 0.057639 0.0043764 0.040172 0.78017 0.0004274 0.00038473 0.00044073 0.003233 0.011977 0.01368 0.023659 0.0067958 0.0023679 0.00024025 9.5066e-05 0.0030347 0.00086753 0.0021184
0.0099502 0.0027641 0.013772 0.020814 0.0017054 0.10052 0.0090289 0.0016478 0.045416 0.031878 0.00034248 0.023887 0.022421 0.010004 0.022601 0.016727 0.024299 0.016163 0.084225 0.03834 0.04088 0.1259 0.0056411 0.0029241 0.013612 0.05901 0.030875 0.038367 0.022219 0.11232 0.0056679 0.0021612 0.00071048 0.024131 0.0093971 0.0096805
0.0021063 0.00017569 0.0055444 0.0030057 0.00056809 0.035416 0.00038924 0.0020221 0.01821 0.0037668 0.00016204 0.016237 0.11671 0.00018555 0.034929 0.00251 0.51931 0.004114 0.018871 0.029753 0.0084003 0.017815 0.0040376 0.0035825 0.026245 0.022784 0.019825 0.014055 0.0030656 0.021424 0.00041469 0.0024744 0.00011546 0.010283 0.027639 0.0038435
0.0032592 0.00095719 0.037195 0.015486 0.0055023 0.25611 0.016928 0.0010777 0.022425 0.035374 0.00085286 0.0077094 0.025209 0.0029474 0.010947 0.031039 0.027589 0.0099644 0.037529 0.012604 0.019615 0.0089953 0.010316 0.0044772 0.027212 0.036021 0.036139 0.023933 0.0086408 0.16085 0.0011595 0.0036802 0.00041256 0.053669 0.021426 0.022745
0.0086074 0.003481 0.004668 0.05503 0.0022655 0.059839 0.0098227 0.0010563 0.021034 0.077807 0.0011792 0.0031105 0.0082744 0.019657 0.0063998 0.034271 0.0058641 0.022667 0.072612 0.011401 0.04817 0.11289 0.0065553 0.00070461 0.00089979 0.025046 0.0096346 0.11045 0.036451 0.1348 0.0042496 0.00055005 0.0010532 0.045757 0.0014205 0.032325
0.0097665 0.00055341 0.0085352 0.018127 0.0017809 0.06629 0.0060714 0.0013343 0.015972 0.02289 0.0037725 0.0063813 0.0093425 0.0013353 0.019221 0.065187 0.05797 0.011839 0.01838 0.0049686 0.024777 0.023491 0.041433 0.0017757 0.0035778 0.015669 0.038701 0.20394 0.0089269 0.15528 0.00052093 0.0013221 0.00068058 0.058022 0.0085657 0.063594
0.008872 0.0013228 0.018912 0.037967 0.0014196 0.11672 0.007728 0.0017134 0.056393 0.026192 0.00082789 0.01694 0.013745 0.0044663 0.024007 0.034566 0.038037 0.024755 0.037704 0.031757 0.048784 0.051101 0.015473 0.0036089 0.010981 0.066652 0.041383 0.062881 0.017134 0.11155 0.0020137 0.002507 0.00088728 0.026919 0.019398 0.014686
0.0085078 0.0018633 0.015717 0.043989 0.0015804 0.10819 0.010218 0.0015585 0.051853 0.032606 0.00083529 0.012694 0.011894 0.0071854 0.016633 0.034514 0.021679 0.026961 0.050408 0.028224 0.054884 0.064433 0.013262 0.0023441 0.0073939 0.053881 0.030179 0.07438 0.022598 0.12778 0.0025737 0.0018776 0.00092539 0.028885 0.011041 0.016449
0.0027872 3.6257e-05 0.014566 0.0013349 0.0023786 0.063299 0.030674 0.0004792 0.0028055 0.027592 0.0011211 0.0039698 0.049631 0.00089522 0.0029407 0.026001 0.016007 0.0028488 0.0079988 0.00047981 0.008317 0.0012991 0.24111 0.0017033 0.039351 0.0044971 0.028188 0.15939 0.0013416 0.082079 4.8432e-05 0.0019346 3.9921e-05 0.12101 0.013866 0.037982
0.0061973 0.0010201 0.0047992 0.0033301 0.001701 0.052747 0.023933 0.00037909 0.04395 0.13261 0.0014547 0.0074227 0.051642 0.0062163 0.0082065 0.002085 0.025716 0.0053062 0.14095 0.020964 0.031719 0.097289 0.041258 0.0020961 0.0076958 0.0099954 0.0067172 0.040435 0.010592 0.089615 0.0011249 0.0013475 0.00081104 0.064889 0.0020719 0.051711
0.0038851 0.0028704 0.0099027 0.027618 0.0046794 0.068349 0.020134 0.00095218 0.022704 0.074284 0.0050145 0.0016181 0.0098581 0.005118 0.0035227 0.069102 0.0056351 0.026003 0.043414 0.010318 0.052745 0.016339 0.033461 0.00057571 0.00047795 0.0085554 0.0088465 0.16349 0.047365 0.098411 0.0014493 0.0013812 0.00080466 0.050794 0.0014621 0.098854
6.0836e-05 0.0013347 8.0716e-05 4.6405e-05 0.00094546 0.00016686 0.00042847 0.00017149 0.0023866 0.001489 2.5694e-05 0.00023895 0.0018874 0.014426 0.00047318 9.7383e-05 0.00024699 0.0032341 0.00025199 0.95654 0.0049021 0.0018655 0.00093555 1.7656e-05 0.00014717 0.0013726 0.00025262 0.00023059 0.0026895 0.00091229 0.0017693 0.00025021 3.6152e-05 2.148e-06 8.171e-06 7.6809e-05
0.00018673 0.0010911 0.0008896 0.00057689 0.0048882 0.0077551 0.74031 0.00039965 0.0026143 0.021971 0.0003528 0.00033926 0.0066492 0.023932 0.00019744 0.0015136 8.6272e-05 0.0017674 0.0025116 0.0081853 0.022172 0.0035202 0.030015 0.00023114 0.0047203 0.002445 0.0017761 0.039952 0.017481 0.039178 0.0010155 0.001478 2.1689e-05 0.0025541 0.00013686 0.0070827
0.010556 0.00027231 0.00048332 0.019648 0.000606 0.0094448 0.0033032 0.0015096 0.019492 0.10437 0.0042854 0.0030529 0.0046536 0.0052855 0.0044616 0.01976 0.01013 0.0111 0.021482 0.00076729 0.027421 0.16693 0.0059942 0.00052108 0.0004531 0.007551 0.013098 0.30276 0.025249 0.054545 0.00040077 5.2361e-05 0.00058845 0.067843 0.00071062 0.071219
0.001052 7.0529e-05 0.035425 0.0033053 0.00031906 0.08195 0.00098326 0.00070555 0.01377 0.0023836 0.00041877 0.013777 0.015683 0.00015318 0.058311 0.0062019 0.40729 0.0038272 0.0094282 0.07052 0.0050986 0.0012235 0.038322 0.0053071 0.088999 0.01643 0.03189 0.0063097 0.001707 0.041118 0.00019836 0.0021066 0.00026938 0.01217 0.018114 0.0051627
0.0024376 0.00049619 0.014907 0.00023804 0.00039238 0.019747 0.00047018 0.0010121 0.006493 0.001941 2.8963e-05 0.021387 0.12078 0.00067552 0.010652 0.00057851 0.016721 0.0010933 0.010543 0.66905 0.0016199 0.0013444 0.0014504 0.0046885 0.040518 0.010716 0.013357 0.00076241 0.0011017 0.013732 0.0013332 0.0050339 0.00010553 0.0016758 0.0019304 0.00098944
0.016679 0.0019649 0.0062986 0.041357 0.00063826 0.078827 0.009866 0.0015755 0.05627 0.036365 0.00055614 0.0093629 0.005148 0.0091523 0.021329 0.023616 0.023089 0.021605 0.064467 0.0293 0.059768 0.085372 0.012897 0.002095 0.0055599 0.068861 0.026782 0.084952 0.013464 0.12679 0.0037402 0.0023388 0.00088548 0.023261 0.013078 0.012695
0.0037291 0.00028582 0.0057809 0.035537 0.0014859 0.070671 0.0041171 0.00010164 0.014449 0.016867 0.026133 0.00071805 0.0011861 0.00032233 0.0043899 0.062774 0.0067178 0.010285 0.016395 0.0014606 0.0057816 0.0049371 0.031254 0.00030403 9.1027e-05 0.001977 0.0054609 0.16762 0.015794 0.083859 0.00014424 0.0011625 0.00066934 0.11567 0.0014824 0.28038
0.00011348 5.0027e-06 0.001349 1.606e-05 0.00017708 0.0022719 0.00041148 0.00040937 0.0006195 0.00047197 4.6656e-05 0.0023295 0.026152 6.2032e-07 0.010082 0.00021137 0.90041 0.00053895 0.00039324 0.00040216 0.00031757 0.00022664 0.021448 0.0011935 0.012639 0.00072093 0.0056927 0.0045094 0.00023975 0.00048477 8.7331e-06 0.00013274 1.0126e-05 0.00047979 0.0036686 0.0018131
0.0047052 0.00036481 0.019782 0.0104 0.00066772 0.061792 0.009034 0.0014653 0.016581 0.0052815 0.002021 0.019644 0.011979 0.00038929 0.011287 0.056994 0.096336 0.01575 0.0021145 0.050317 0.031882 0.0062101 0.22611 0.0072071 0.011909 0.041948 0.030094 0.085559 0.0076025 0.06415 0.00034867 0.010147 0.00035634 0.01516 0.046291 0.018122
0.0069369 0.0002692 0.023037 0.034432 0.0013875 0.12133 0.0041801 0.00058745 0.040312 0.016073 0.0035343 0.010798 0.0078333 0.00075256 0.027939 0.06388 0.074735 0.026826 0.020713 0.0077929 0.022377 0.014211 0.048931 0.0035916 0.0033559 0.023397 0.038841 0.11417 0.0096713 0.085936 0.0002165 0.001569 0.00095782 0.070648 0.020545 0.048236
3.7948e-06 1.2619e-05 1.7019e-06 4.8125e-06 2.8241e-05 9.4387e-05 2.0049e-05 6.1589e-05 0.0031786 0.0052177 0.00020669 0.0004504 0.96623 7.6137e-05 1.7806e-05 1.3752e-05 0.00075029 4.5361e-05 0.004415 0.00010509 7.9893e-05 0.0022882 3.3608e-05 5.1467e-06 4.5794e-05 1.1461e-05 1.5237e-05 0.00034166 0.00041242 0.00056828 6.0075e-05 4.5782e-06 2.1711e-05 0.01399 8.8606e-06 0.001179
0.0058418 0.00097548 0.015668 0.032304 0.0021773 0.10837 0.01395 0.0022166 0.068459 0.093081 0.0028091 0.0059467 0.011727 0.0063059 0.0099915 0.038574 0.01917 0.02442 0.026409 0.016758 0.084929 0.014193 0.045951 0.0019116 0.0039432 0.043514 0.03457 0.11183 0.02777 0.080263 0.0010351 0.00098708 0.0010075 0.01622 0.0074785 0.019242
0.0087555 0.0012467 0.015475 0.053132 0.001223 0.11025 0.0074887 0.0015533 0.056011 0.028507 0.0010157 0.013017 0.010034 0.0053392 0.01944 0.044375 0.0264 0.027999 0.040491 0.022481 0.050025 0.052492 0.016409 0.0026158 0.0070904 0.058427 0.037032 0.086603 0.017678 0.11159 0.0017155 0.0017831 0.0010726 0.028888 0.014612 0.017731
0.0086708 0.0012131 0.016855 0.041804 0.0013621 0.11167 0.0078705 0.0015862 0.058267 0.029906 0.00095951 0.015444 0.012866 0.0052179 0.02097 0.037701 0.032533 0.025157 0.042035 0.025522 0.048932 0.051862 0.016716 0.0030374 0.0092332 0.058275 0.037059 0.07675 0.017513 0.11611 0.0017447 0.0019625 0.00098752 0.029395 0.01592 0.016892
0.008714 0.0011985 0.017028 0.042124 0.0013614 0.11272 0.0077887 0.0015901 0.058467 0.029767 0.00094433 0.015468 0.012743 0.0051677 0.021261 0.03792 0.032768 0.02499 0.042243 0.025518 0.048697 0.051898 0.016492 0.0030744 0.009282 0.059098 0.037415 0.075387 0.017393 0.11474 0.0017614 0.0019624 0.00098556 0.02915 0.016082 0.016799
0.0061638 0.0010219 0.021176 0.021801 0.0021135 0.090627 0.012432 0.0010547 0.10233 0.024142 0.0013029 0.011412 0.013879 0.0025713 0.022337 0.010402 0.025995 0.036448 0.061358 0.025067 0.044243 0.074568 0.020093 0.0045529 0.0043145 0.024088 0.031965 0.079834 0.033439 0.09127 0.00097942 0.0019915 0.00089243 0.050257 0.017614 0.026268
0.011184 0.0048719 0.0025151 0.11078 0.0010775 0.053168 0.0041259 0.0010976 0.026354 0.029141 0.00087524 0.0034851 0.0047712 0.0076491 0.0099695 0.014467 0.0078553 0.052774 0.055629 0.012633 0.048517 0.1391 0.0022031 0.00094699 0.0012126 0.047229 0.018897 0.093531 0.029651 0.15259 0.0027241 0.00064586 0.001088 0.031941 0.0060208 0.0092808
0.0076809 0.00089401 0.034554 0.0078144 0.001312 0.13087 0.0048449 0.0014666 0.078381 0.031121 0.00022567 0.025184 0.03016 0.0023092 0.053583 0.007735 0.092184 0.010223 0.11534 0.056168 0.01995 0.056449 0.0072303 0.0055749 0.019907 0.036349 0.039655 0.014395 0.01681 0.046533 0.0034761 0.0031403 0.00059112 0.013845 0.010231 0.013818
0.0069004 0.0029301 0.013751 0.04193 0.00056594 0.11883 0.0091278 0.00095746 0.090919 0.015009 0.00077487 0.01566 0.0022545 0.002182 0.0051997 0.027078 0.015452 0.020035 0.019686 0.20789 0.027945 0.062928 0.010165 0.0019532 0.0035792 0.046875 0.017147 0.0096602 0.052184 0.094723 0.0057356 0.012461 0.00059597 0.010638 0.020796 0.0054779
0.002623 0.00041377 0.012127 0.015413 0.0016676 0.051801 0.0036138 0.00069706 0.4132 0.042602 0.0021923 0.0098837 0.011347 0.001968 0.016902 0.0077753 0.019684 0.010797 0.062553 0.015136 0.036129 0.057332 0.0090437 0.0015035 0.0013666 0.012625 0.018647 0.035435 0.056738 0.032426 0.0013648 0.0012045 0.00073855 0.013862 0.0076924 0.011497
0.0049781 0.00051074 0.021091 0.018219 0.0018026 0.084207 0.0085951 0.0016683 0.14616 0.05219 0.0017819 0.016209 0.033895 0.0041851 0.019913 0.014748 0.059655 0.018169 0.049354 0.026194 0.042384 0.038483 0.031099 0.0040017 0.0088822 0.027122 0.024658 0.061083 0.022708 0.083532 0.00098319 0.001287 0.00090585 0.038496 0.013359 0.017494
0.002786 0.00039073 0.0026687 0.0053795 0.001546 0.047103 0.033429 0.0011282 0.0058613 0.047249 0.0010474 0.002178 0.051754 0.00698 0.0022076 0.0033551 0.016105 0.0021369 0.052422 0.0055171 0.026344 0.10978 0.1021 0.0016618 0.0092794 0.0077565 0.0092646 0.23704 0.0063482 0.065182 0.0031027 0.0013519 0.00025552 0.10037 0.0021439 0.02678
0.0043007 0.00013932 0.00033147 0.009855 8.6103e-05 0.018574 0.00018244 0.0025681 0.0035032 0.011162 0.0046974 0.0016152 0.0018787 0.0002144 0.052995 0.0045214 0.13535 0.0055984 0.0030207 0.022983 0.14335 0.021361 0.0046977 0.00022226 0.015428 0.033437 0.19893 0.26554 0.0022951 0.021342 0.00050049 0.0010479 0.00017819 0.0016283 0.0057239 0.00073759
0.00045821 6.8918e-05 0.0081926 0.00024932 0.00075911 0.04787 0.00063804 0.0009078 0.00068647 0.00064518 5.01e-05 0.017468 0.1552 4.451e-05 0.014559 0.0010118 0.20986 0.00058444 0.0098917 0.01831 0.0030195 0.00076204 0.0057511 0.0078675 0.42279 0.0067671 0.037367 0.0021974 0.00096593 0.010018 0.000355 0.0015985 6.2969e-05 0.0039753 0.0064534 0.0025991
0.0057005 0.0009434 0.016845 0.031025 0.0012157 0.096545 0.0041551 0.0022798 0.079922 0.030249 0.00096196 0.014293 0.036211 0.0039813 0.029641 0.016281 0.075166 0.028483 0.047927 0.036236 0.045514 0.052716 0.024611 0.0029396 0.012181 0.041551 0.033221 0.076955 0.016084 0.070559 0.00098678 0.0013118 0.0010655 0.033045 0.015813 0.013383
0.0069378 0.0043397 0.0091558 0.043378 0.0024984 0.069419 0.015384 0.001368 0.019932 0.042862 0.0011145 0.0029264 0.0053885 0.016619 0.0063644 0.049344 0.0046628 0.04782 0.022741 0.030193 0.058482 0.028728 0.008795 0.0013452 0.0014366 0.043819 0.021512 0.092895 0.024475 0.24131 0.0036209 0.0014606 0.00093039 0.040282 0.004147 0.024313
0.0086548 0.0012068 0.016689 0.043403 0.0013631 0.11258 0.0077937 0.0015591 0.058012 0.029967 0.00096506 0.015154 0.012419 0.0051779 0.020658 0.039 0.031524 0.025512 0.041895 0.024625 0.048386 0.051832 0.016408 0.0030046 0.0088253 0.058258 0.036828 0.077542 0.017634 0.11589 0.0017314 0.0019306 0.00099342 0.029713 0.015791 0.017075
0.014672 0.0010624 0.012888 0.049945 0.00028552 0.096728 0.0022769 0.00039312 0.016762 0.0031023 5.9353e-05 0.021078 0.0016434 0.0023045 0.011246 0.047793 0.010638 0.0063289 0.054605 0.031288 0.0085382 0.43909 0.0022136 0.0016872 0.0041006 0.059679 0.013037 0.0090651 0.020754 0.027043 0.0042309 0.0017924 0.00043565 0.011808 0.0028247 0.0086059
0.0097311 0.0015267 0.010836 0.05143 0.0011268 0.091109 0.0068206 0.001937 0.084155 0.040506 0.00088096 0.011099 0.011118 0.0081901 0.016756 0.026297 0.016566 0.022888 0.065665 0.022165 0.060926 0.10275 0.0085572 0.0018049 0.0061204 0.052123 0.033519 0.062819 0.027437 0.093709 0.0024956 0.001269 0.0011706 0.020238 0.010905 0.013349
0.0069899 0.0014872 0.015749 0.047883 0.0014297 0.11634 0.0074078 0.0014517 0.052478 0.032442 0.0010281 0.013772 0.012554 0.0054803 0.018876 0.054623 0.037866 0.032124 0.038874 0.02373 0.038238 0.043512 0.019352 0.0022641 0.0058097 0.041125 0.023036 0.090395 0.019943 0.12423 0.0017213 0.0016857 0.0012107 0.03352 0.0094478 0.021914
0.0020221 0.00020588 0.01228 0.0046686 0.0024937 0.032828 0.010688 0.0053513 0.0097424 0.015052 0.0010326 0.0069211 0.13921 0.0013542 0.011105 0.0044564 0.19996 0.0053092 0.0050116 0.018105 0.054413 0.0047579 0.14295 0.0065182 0.064725 0.027182 0.067135 0.060892 0.0045039 0.025676 0.00061562 0.0015467 0.00027647 0.016319 0.027358 0.0073303
0.0063391 0.00035786 0.0064324 0.043599 0.00022374 0.071984 0.0040493 0.0021129 0.090551 0.01788 0.00076071 0.040566 0.0032651 0.0019075 0.023481 0.23091 0.026544 0.011733 0.011938 0.012128 0.019969 0.029086 0.012097 0.0033794 0.0033863 0.077074 0.038074 0.065074 0.00621 0.078025 0.0019047 0.0022794 0.00076338 0.020521 0.01558 0.01981
0.00067422 0.0019722 0.0086818 0.0098973 0.0093463 0.053056 0.0085656 0.00011444 0.018271 0.0033094 0.0074896 0.0012585 0.0020401 0.00084887 0.0024598 0.010352 0.0012351 0.017711 0.0075363 0.014233 0.0057919 0.0025007 0.0052905 0.0016593 0.00042145 0.0020846 0.0076642 0.071481 0.026406 0.57928 0.00037811 0.0063486 0.00041194 0.075339 0.0071565 0.028739
0.0072806 0.00071328 0.0095488 0.031125 0.00089933 0.051641 0.0062988 0.0018256 0.041486 0.017063 0.00077395 0.020395 0.023559 0.0024324 0.017571 0.010407 0.075151 0.020628 0.027806 0.02895 0.089443 0.065754 0.021725 0.0051915 0.024664 0.064639 0.0424 0.12971 0.016412 0.077926 0.00084777 0.0015257 0.00053748 0.018269 0.037761 0.0076408
0.0089595 0.00133 0.020477 0.042486 0.001589 0.13077 0.0076443 0.00131 0.041458 0.021503 0.0007318 0.018164 0.011616 0.0033544 0.022553 0.034114 0.032421 0.026006 0.045244 0.01872 0.041252 0.062363 0.010542 0.0034698 0.01029 0.051893 0.041531 0.07196 0.01924 0.1244 0.0019428 0.0020679 0.00074543 0.032806 0.020532 0.014509
0.00035525 0.00053448 0.016092 0.0003967 0.00034823 0.0089912 0.00033634 8.5631e-05 0.0011097 6.0891e-05 0.00041838 0.084379 0.040381 4.0937e-05 0.012182 0.0011575 0.0076347 0.011751 0.0028953 0.66715 0.00047014 0.0014406 0.0018029 0.0040478 0.053408 0.0024607 0.02352 0.00036273 0.0023458 0.0084025 8.039e-05 0.030416 0.00013382 0.0026735 0.01011 0.0020227
0.0032311 7.569e-05 0.021267 0.0068516 0.00063521 0.1161 0.00029946 0.00022516 0.016358 0.003148 0.00080761 0.0046465 0.010977 0.00015578 0.23025 0.0084022 0.22102 0.0057174 0.012855 0.058226 0.003147 0.0024454 0.005714 0.008885 0.009069 0.04286 0.029565 0.007921 0.0024392 0.051424 0.00029082 0.007516 0.00030844 0.073003 0.021228 0.012941
0.0042003 0.00075533 0.0077476 0.015281 0.0020381 0.045196 0.051503 0.0023158 0.028692 0.039609 0.0020132 0.0053059 0.0049259 0.0072967 0.0036298 0.026372 0.0065193 0.01181 0.012335 0.024813 0.12628 0.026694 0.036866 0.0013146 0.0053449 0.014504 0.043374 0.2044 0.032198 0.16925 0.0029821 0.0028313 0.00024855 0.012984 0.007123 0.011253
0.010913 0.0018206 0.0058263 0.039186 0.0011004 0.069554 0.008586 0.0013202 0.033963 0.055291 0.0003262 0.0056827 0.01017 0.013607 0.012251 0.016329 0.011907 0.012299 0.11847 0.013682 0.027575 0.22563 0.0088212 0.0011545 0.0020832 0.024631 0.0094607 0.075793 0.027404 0.075913 0.0074038 0.00055395 0.00078983 0.049095 0.0021259 0.019276
0.014068 0.00093914 0.0074401 0.091456 0.00080478 0.06328 0.0051434 0.00087313 0.046868 0.031752 0.0014337 0.0078183 0.0039775 0.0076602 0.014685 0.049003 0.01074 0.025788 0.039295 0.0096852 0.041537 0.11765 0.012044 0.0013349 0.001728 0.037492 0.02909 0.14668 0.019696 0.098316 0.0015476 0.00075176 0.0013066 0.031367 0.0058421 0.020913
0.012697 0.00099589 0.015063 0.019849 0.0020525 0.077397 0.012665 0.0017249 0.021322 0.023166 0.00058487 0.019914 0.020038 0.004504 0.022538 0.03121 0.043911 0.019939 0.029217 0.016787 0.043706 0.050184 0.020685 0.0047535 0.022077 0.06451 0.045503 0.11802 0.010906 0.14932 0.001291 0.0017691 0.00058492 0.03425 0.016026 0.020839
0.0075833 0.0016177 0.027249 0.028939 0.0011911 0.1198 0.0071092 0.0013217 0.065628 0.017731 0.00057566 0.026449 0.013956 0.0047199 0.023237 0.01725 0.03877 0.024873 0.03641 0.069645 0.048016 0.069951 0.012995 0.0041338 0.015441 0.055212 0.045026 0.037082 0.020852 0.10344 0.0027456 0.0036426 0.00080729 0.016372 0.023702 0.0065265
0.0074374 0.0014255 0.014562 0.034371 0.00092995 0.10434 0.0074123 0.0017554 0.081098 0.023873 0.00099294 0.016725 0.015214 0.0050588 0.020145 0.026429 0.030826 0.025507 0.032471 0.047435 0.063311 0.054053 0.017448 0.0028229 0.011134 0.068635 0.036247 0.063068 0.017001 0.10575 0.00158 0.0035174 0.00093234 0.021208 0.023978 0.011301
0.00095193 0.0053153 0.00035822 0.23517 0.0029041 0.0069817 0.0019806 0.00036548 0.0087621 0.053769 0.0052282 0.00029796 0.0014398 0.0072499 0.0026974 0.061048 0.00063061 0.098458 0.013382 0.0076178 0.011839 0.074738 0.0013624 0.00012827 2.1154e-05 0.0058526 0.0022388 0.11016 0.10657 0.024739 0.0029678 0.00015089 0.0022311 0.02213 0.00017274 0.12009
0.0060073 0.00072257 0.0047152 0.033628 0.002334 0.038209 0.0051424 0.0008114 0.0075961 0.045893 0.0039222 0.0010043 0.0077137 0.0034762 0.0049712 0.014704 0.0075898 0.011988 0.03023 0.0025401 0.038153 0.053878 0.0091399 0.00054422 0.00057454 0.0049215 0.012187 0.36115 0.02858 0.1105 0.00028057 0.00011366 0.00059699 0.075937 0.0010513 0.069195
0.0040237 0.0019042 0.012797 0.011097 0.0029745 0.097407 0.012306 0.001675 0.10733 0.13444 0.0015453 0.0078827 0.03397 0.0072865 0.009971 0.0079271 0.033941 0.011159 0.098636 0.044028 0.091969 0.054367 0.013865 0.0020776 0.0055551 0.0343 0.019434 0.023163 0.041056 0.037411 0.0039437 0.0013318 0.0010366 0.013312 0.004386 0.010493
0.010647 0.0022461 0.0074005 0.050747 0.0018419 0.095896 0.010074 0.0012823 0.02496 0.044847 0.00049948 0.0054546 0.0085709 0.013071 0.0097434 0.029478 0.0069048 0.019904 0.10287 0.0082435 0.042625 0.12549 0.005127 0.0015234 0.0030602 0.040746 0.017924 0.088266 0.026645 0.12384 0.0036169 0.00069427 0.00080759 0.039185 0.0049382 0.020821
0.0055826 0.0015656 0.0065619 0.091428 0.00078581 0.0854 0.0040693 0.00087958 0.058163 0.025287 0.0022749 0.010481 0.0044558 0.0055267 0.011309 0.092233 0.0091856 0.039038 0.023473 0.012727 0.035893 0.036973 0.01173 0.0011534 0.0022035 0.045687 0.029747 0.12797 0.01451 0.1401 0.0012445 0.0018579 0.0016961 0.02872 0.011514 0.018581
0.0091833 0.0016959 0.014419 0.024819 0.0012066 0.11086 0.0068572 0.0021543 0.061139 0.013907 0.00075166 0.024784 0.022825 0.0028043 0.022819 0.0256 0.028392 0.029436 0.032123 0.033066 0.028434 0.035917 0.0098765 0.00472 0.019503 0.056997 0.040979 0.046486 0.011858 0.16741 0.00095486 0.0035799 0.00086496 0.043169 0.042797 0.017614
0.008509 0.0010375 0.0075927 0.099936 0.0013411 0.076715 0.0033592 0.0011992 0.031407 0.024682 0.0028102 0.0032683 0.0045597 0.0041807 0.018273 0.084961 0.013739 0.032719 0.021461 0.0070265 0.039603 0.029779 0.0084262 0.0011881 0.00099497 0.03973 0.030262 0.16916 0.013065 0.12307 0.0010687 0.00082496 0.0014818 0.048743 0.0077405 0.03608
0.0060971 0.00043465 0.020835 0.016949 0.0012891 0.11051 0.0074924 0.0017706 0.062677 0.037781 0.0014678 0.02195 0.027346 0.0019059 0.024286 0.028723 0.10992 0.012268 0.03357 0.022679 0.045034 0.026731 0.045278 0.0040973 0.015688 0.043921 0.039137 0.065614 0.011625 0.074654 0.00096208 0.0021575 0.00065163 0.034185 0.01818 0.022131
0.007962 0.0025203 0.010024 0.055978 0.0020925 0.078682 0.0099334 0.0014826 0.034863 0.046831 0.0012016 0.0037533 0.0093866 0.0121 0.012128 0.024391 0.014796 0.035972 0.049747 0.027435 0.080541 0.066374 0.012957 0.0015018 0.0029177 0.042612 0.024991 0.11112 0.026287 0.13076 0.0021089 0.0010005 0.0010962 0.029949 0.005865 0.018638
